 4 133 27
 4 134 27
 4 131 27
 4 131 27
 4 130 27
 4 130 26
 4 131 26
 3 129 25
 3 130 25
 3 129 25
 3 131 25
 3 129 25
 3 127 25
 3 126 25
 3 126 24
 2 126 24
 3 126 24
 3 127 24
 2 127 23
 2 126 23
 2 126 23
 2 124 23
 2 124 23
 2 125 23
 2 125 24
 2 126 24
 2 127 23
 2 125 23
 2 125 23
 2 126 24
 3 126 24
 2 126 24
 3 126 25
 2 127 23
 2 126 23
 2 124 23
 2 126 23
 2 126 23
 2 126 23
 2 126 24
 3 124 24
 2 125 23
 2 124 23
 2 125 23
 2 125 23
 2 125 23
 2 124 23
 2 126 23
 2 124 23
 2 125 23
 2 125 23
 2 124 23
 2 125 23
 2 124 23
 2 125 23
 2 124 23
 2 124 23
 2 123 23
 2 123 23
 2 123 23
 2 125 23
 2 123 23
 2 124 23
 2 123 23
 2 122 23
 2 123 23
 2 122 23
 2 123 23
 2 124 23
 2 124 23
 2 122 23
 2 123 23
 2 124 23
 2 125 23
 2 127 24
 2 127 23
 2 124 24
 3 125 25
 3 126 25
 3 127 25
 3 128 25
 3 128 25
 3 128 26
 4 129 26
 4 131 26
 4 131 27
 4 132 27
 4 132 27
 4 134 27
 5 134 28
 5 136 28
 5 135 28
 5 138 28
 5 138 28
 5 138 28
 5 139 28
 5 140 28
 5 139 28
 5 139 28
 5 140 28
 6 141 30
 6 142 30
 6 143 30
 6 143 30
 6 146 30
 7 149 32
 7 148 33
 8 150 34
 8 148 34
 8 151 34
 9 157 35
 9 158 35
10 158 37
 9 156 35
 9 157 35
 9 156 35
 8 155 34
 8 155 34
 8 154 34
 8 150 34
 7 149 32
 7 149 32
 8 148 34
 8 148 34
 7 147 32
 7 147 32
 7 145 32
 7 145 31
 6 143 30
 6 144 30
 6 142 30
 6 140 30
 6 141 30
 6 139 30
 6 140 30
 6 140 30
 6 139 30
 6 138 30
 6 138 30
 6 137 30
 6 140 30
 6 138 30
 6 139 30
 6 139 30
 5 138 29
 6 138 30
 6 137 30
 6 138 30
 5 138 29
 5 137 29
 5 138 28
 5 137 28
 5 136 28
 5 136 28
 5 136 28
 5 137 28
 5 136 28
 5 135 28
 4 135 27
 4 135 27
 5 136 28
 5 134 28
 5 135 28
 5 136 28
 5 134 28
 5 136 28
 5 136 28
 5 136 28
 5 135 28
 5 137 28
 5 136 28
 5 135 28
 5 136 28
 5 136 28
 5 136 28
 5 138 28
 5 136 28
 5 138 28
 5 136 28
 5 137 29
 5 138 28
 5 138 28
 5 137 28
 5 137 28
 5 137 28
 5 137 28
 5 138 29
 5 137 28
 5 137 28
 5 138 28
 5 137 28
 5 139 29
 5 138 28
 5 136 28
 5 137 28
 5 137 28
 5 138 28
 5 137 28
 5 136 28
 5 139 28
 5 138 28
 5 138 28
 5 138 28
 5 136 28
 5 137 28
 5 136 28
 5 137 28
 5 137 28
 5 138 28
 5 137 28
 5 138 28
 5 137 28
 5 138 28
 5 138 28
 5 138 28
 5 138 28
 5 138 29
 6 137 30
 6 138 29
 6 139 30
 6 140 30
 6 140 30
 6 141 30
 6 140 30
 6 143 30
 6 142 30
 6 143 30
 6 144 31
 6 145 30
 6 144 30
 6 145 31
 7 144 31
 6 144 30
 6 144 30
 6 145 30
 6 146 30
 6 144 31
 7 146 32
 7 147 32
 7 146 32
 7 145 32
 7 146 32
 7 145 32
 7 145 32
 7 146 32
 7 147 32
 7 147 32
 7 147 32
 7 147 32
 7 147 32
 8 146 34
 8 147 34
 8 147 34
 8 147 34
 8 148 34
 8 148 34
 8 149 34
 8 148 34
 8 149 34
 8 148 34
 8 148 34
 8 148 34
 8 148 34
 8 148 33
 8 149 34
 8 147 34
 8 147 34
 8 147 34
 8 147 34
 8 147 33
 7 147 32
 7 145 32
 7 146 32
 7 145 32
 7 146 32
 7 145 32
18 207 51
17 203 50
17 201 49
16 198 48
16 196 48
16 197 48
16 200 48
17 202 50
16 200 48
17 198 50
16 196 48
17 204 50
17 206 50
18 211 51
17 202 50
16 196 48
15 193 46
15 195 46
16 201 48
16 194 48
15 191 46
16 201 47
14 193 44
13 189 43
13 193 43
13 187 43
13 180 43
12 173 41
12 171 41
12 169 41
11 166 39
11 164 39
11 164 39
11 161 39
11 160 39
10 160 37
10 158 37
10 157 37
10 157 37
10 154 37
10 156 37
10 154 37
10 154 37
10 153 37
10 150 37
 9 153 35
 9 152 35
 9 152 35
 9 150 34
 8 151 34
 8 149 34
 8 149 34
 8 147 34
 8 146 34
 8 145 34
 7 145 32
 7 145 32
 7 145 32
 7 146 32
 7 144 32
 7 142 32
 7 143 32
 7 144 32
 7 143 32
 7 142 32
 7 142 32
 7 144 32
 7 144 32
 7 145 32
 8 145 33
 8 145 34
 8 145 33
 8 146 34
 8 147 34
 8 145 34
 8 145 34
 8 145 34
 8 146 33
 8 146 33
 8 145 34
 8 145 34
 8 146 34
 8 146 34
 8 146 34
 8 147 34
 8 146 34
 8 146 34
 8 147 34
 8 145 34
 8 145 34
 8 146 34
 8 146 34
 8 146 34
 8 146 34
 8 145 34
 8 146 34
 8 145 33
 7 145 32
 7 145 32
 7 146 32
 7 144 32
 7 145 32
 7 143 32
 7 143 32
 7 145 32
 7 144 32
 7 144 32
 7 143 32
 7 144 32
 7 144 32
 7 144 32
 7 142 32
 7 142 32
 7 143 32
 7 142 32
 7 143 32
 7 143 32
 7 142 32
 7 142 32
 7 144 32
 7 142 32
 7 144 32
 7 143 32
 8 144 33
 8 145 34
 8 147 34
 9 149 35
 9 152 35
 9 155 35
10 157 37
11 172 39
13 182 43
15 190 46
16 197 49
16 201 48
17 204 50
17 210 50
17 214 50
16 210 48
16 216 48
17 218 50
18 225 51
15 215 46
15 217 46
16 222 48
17 223 49
18 226 51
18 228 51
19 228 53
18 226 51
19 229 53
19 232 53
20 233 55
20 234 55
20 233 55
19 233 53
19 230 53
19 231 53
19 228 53
19 227 52
19 225 53
19 225 53
