-0.962,-1.098,-0.944,-1.064,-1.082,-0.940,-0.998,-1.118,-0.952,-1.118,-1.040,-0.946,-1.032,-1.106,-0.972,-1.134,-0.990,-0.936,-1.072,-1.078,
-1.032,-1.124,-0.966,-0.952,-1.120,-1.016,-1.072,-1.082,-0.938,-0.988,-1.134,-0.960,-1.116,-1.040,-0.924,-1.042,-1.108,-0.946,-1.134,-0.986,
-0.952,-1.084,-1.058,-0.956,-1.116,-0.968,-0.984,-1.088,-1.028,-0.948,-1.080,-0.956,-1.002,-1.098,-0.990,-0.976,-1.048,-0.962,-1.012,-1.094,
-0.980,-0.978,-1.014,-0.970,-1.030,-1.090,-0.968,-0.992,-1.002,-0.960,-1.056,-1.066,-0.954,-1.018,-0.970,-0.968,-1.094,-1.038,-0.946,-1.056,
-0.958,-0.986,-1.124,-0.996,-0.944,-1.106,-0.938,-1.024,-1.116,-0.938,-0.972,-1.138,-0.930,-1.076,-1.078,-0.936,-1.008,-1.136,-0.952,-1.112,
-1.030,-0.934,-1.058,-1.114,-1.006,-1.114,-0.988,-0.948,-1.116,-1.050,-1.034,-1.102,-0.960,-0.976,-1.122,-0.996,-1.068,-1.082,-0.942,-1.032,
-1.110,-0.972,-1.086,-1.038,-0.960,-1.058,-1.074,-0.966,-1.100,-1.002,-0.968,-1.068,-1.060,-0.960,-1.092,-0.986,-0.976,-1.092,-1.028,-0.970,
-1.082,-0.980,-0.982,-1.108,-1.000,-0.964,-1.082,-0.954,-1.018,-1.104,-0.984,-0.962,-1.046,-0.936,-1.046,-1.098,-0.952,-0.976,-1.010,-0.936,
-1.096,-1.064,-0.938,-1.014,-0.962,-0.964,-1.136,-1.012,-0.944,-1.064,-0.928,-1.014,-1.132,-0.972,-0.948,-1.100,-0.926,-1.058,-1.110,-0.936,
-0.990,-1.122,-0.950,-1.098,-1.062,-0.928,-1.028,-1.100,-0.978,-1.126,-1.008,-0.950,-1.054,-1.074,-1.014,-1.110,-0.980,-0.974,-1.068,-1.052,
-1.054,-1.090,-0.972,-0.984,-1.090,-1.016,-1.068,-1.068,-0.966,-0.996,-1.096,-0.994,-1.074,-1.044,-0.964,-1.016,-1.094,-0.974,-1.108,-1.022,
-0.950,-1.046,-1.090,-0.956,-1.112,-0.992,-0.952,-1.080,-1.042,-0.948,-1.100,-0.956,-0.968,-1.112,-1.014,-0.942,-1.080,-0.932,-1.014,-1.124,
-0.978,-0.958,-1.028,-0.932,-1.054,-1.096,-0.938,-0.998,-0.974,-0.952,-1.100,-1.050,-0.930,-1.054,-0.944,-0.982,-1.112,-1.008,-0.942,-1.100,
-0.940,-1.018,-1.112,-0.964,-0.972,-1.120,-0.952,-1.044,-1.090,-0.954,-1.002,-1.118,-0.964,-1.070,-1.046,-0.956,-1.030,-1.100,-0.982,-1.082,
-1.022,-0.968,-1.052,-1.076,-0.990,-1.098,-1.000,-0.966,-1.070,-1.050,-1.012,-1.094,-0.988,-0.974,-1.104,-1.026,-1.040,-1.084,-0.960,-0.992,
-1.116,-1.002,-1.082,-1.068,-0.932,-1.040,-1.106,-0.968,-1.118,-1.014,-0.946,-1.080,-1.078,-0.940,-1.132,-0.970,-0.946,-1.120,-1.042,-0.928,
-1.102,-0.944,-0.990,-1.150,-0.978,-0.948,-1.072,-0.916,-1.044,-1.116,-0.950,-0.976,-1.010,-0.938,-1.090,-1.066,-0.940,-1.004,-0.970,-0.970,
-1.108,-1.028,-0.946,-1.034,-0.962,-0.990,-1.112,-0.984,-0.970,-1.060,-0.960,-1.012,-1.112,-0.974,-0.976,-1.076,-0.966,-1.050,-1.078,-0.978,
-0.982,-1.096,-0.958,-1.076,-1.062,-0.964,-0.996,-1.108,-0.962,-1.104,-1.040,-0.946,-1.036,-1.100,-0.980,-1.130,-0.996,-0.948,-1.082,-1.076,
-1.016,-1.124,-0.972,-0.946,-1.114,-1.024,-1.084,-1.098,-0.944,-0.984,-1.142,-0.974,-1.120,-1.050,-0.926,-1.036,-1.112,-0.958,-1.156,-0.990

-0.100,0.090,-0.112,-0.016,0.124,-0.038,-0.088,0.056,-0.118,0.026,0.122,-0.092,-0.058,-0.010,-0.112,0.080,0.088,-0.116,-0.006,-0.052,-0.080,
0.118,0.030,-0.110,0.036,-0.090,-0.046,0.138,-0.030,-0.090,0.074,-0.116,0.012,0.122,-0.066,-0.066,0.098,-0.112,0.062,0.088,-0.092,-0.016,0.1
08,-0.098,0.106,0.040,-0.098,0.002,0.120,-0.058,0.128,-0.006,-0.094,0.042,0.088,-0.006,0.112,-0.036,-0.086,0.088,0.036,0.032,0.118,-0.072,-0
.060,0.124,-0.014,0.078,0.078,-0.100,-0.012,0.114,-0.046,0.124,0.020,-0.108,0.032,0.098,-0.094,0.144,-0.042,-0.084,0.076,0.062,-0.102,0.130,
-0.080,-0.056,0.106,0.018,-0.120,0.082,-0.094,-0.020,0.120,-0.052,-0.084,0.038,-0.108,0.028,0.114,-0.100,-0.038,-0.018,-0.086,0.072,0.072,-0
.106,0.008,-0.046,-0.080,0.104,0.026,-0.110,0.046,-0.092,-0.032,0.110,-0.020,-0.104,0.094,-0.094,0.006,0.110,-0.060,-0.076,0.130,-0.088,0.03
6,0.090,-0.090,-0.034,0.134,-0.082,0.072,0.060,-0.112,0.014,0.118,-0.056,0.102,0.022,-0.120,0.074,0.074,-0.034,0.132,-0.040,-0.098,0.124,0.0
34,0.016,0.114,-0.086,-0.060,0.140,-0.010,0.068,0.078,-0.120,0.004,0.126,-0.060,0.110,0.018,-0.112,0.052,0.114,-0.092,0.130,-0.034,-0.096,0.
108,0.050,-0.110,0.102,-0.068,-0.074,0.138,-0.008,-0.102,0.084,-0.096,-0.026,0.140,-0.066,-0.062,0.056,-0.120,0.046,0.096,-0.066,-0.056,-0.0
10,-0.108,0.088,0.064,-0.098,-0.020,-0.062,-0.066,0.102,0.034,-0.096,0.018,-0.084,-0.044,0.132,-0.032,-0.076,0.068,-0.102,-0.006,0.136,-0.07
2,-0.064,0.098,-0.114,0.054,0.088,-0.086,-0.042,0.126,-0.106,0.110,0.042,-0.106,0.016,0.122,-0.064,0.130,-0.006,-0.098,0.056,0.094,-0.022,0.
140,-0.054,-0.084,0.100,0.042,0.042,0.122,-0.106,-0.036,0.120,-0.022,0.098,0.074,-0.110,0.004,0.120,-0.062,0.124,0.006,-0.094,0.040,0.096,-0
.098,0.136,-0.042,-0.086,0.076,0.064,-0.116,0.122,-0.074,-0.064,0.106,0.004,-0.094,0.088,-0.102,-0.020,0.116,-0.042,-0.086,0.040,-0.100,0.01
8,0.114,-0.086,-0.044,-0.014,-0.090,0.056,0.078,-0.106,-0.004,-0.048,-0.084,0.100,0.034,-0.114,0.044,-0.084,-0.046,0.116,-0.008,-0.110,0.086
,-0.108,0.002,0.118,-0.072,-0.076,0.122,-0.104,0.046,0.092,-0.110,-0.016,0.130,-0.086,0.082,0.062,-0.122,0.028,0.116,-0.064,0.124,-0.012,-0.
104,0.080,0.078,-0.010,0.110,-0.046,-0.090,0.124,0.028,0.028,0.102,-0.086,-0.044,0.142,-0.028,0.076,0.064,-0.106,0.006,0.122,-0.060,0.088,0.
030,-0.124,0.064,0.090,-0.092,0.112,-0.024,-0.102,0.102,0.046,-0.098,0.114,-0.062,-0.076,0.138,-0.006,-0.094,0.092,-0.104,-0.022,0.128,-0.04
8,-0.086,0.050,-0.122,0.032,0.100,-0.064,-0.068,-0.008,-0.100,0.066,0.082,-0.102,-0.004,-0.058,-0.078,0.112,0.022,-0.102,0.026,-0.094,-0.044
,0.144,-0.042,-0.090,0.072,-0.120,0.016,0.126,-0.076,-0.066,0.108,-0.112,0.066,-0.002

-0.124,0.110,-0.150,-0.024,0.138,-0.092,-0.100,0.136,-0.174,0.088,0.068,-0.140,-0.058,0.128,-0.180,0.146,0.052,-0.148,-0.026,0.112,-0.114,0.
182,-0.014,-0.134,0.038,0.104,-0.044,0.166,-0.042,-0.136,0.106,0.074,0.024,0.132,-0.098,-0.092,0.148,0.034,0.124,0.076,-0.156,-0.036,0.164,-
0.022,0.202,0.000,-0.172,0.018,0.136,-0.098,0.202,-0.050,-0.160,0.078,0.098,-0.182,0.166,-0.098,-0.118,0.142,0.040,-0.218,0.118,-0.150,-0.02
6,0.136,-0.008,-0.192,0.014,-0.156,0.032,0.130,-0.090,-0.124,-0.056,-0.158,0.076,0.104,-0.118,-0.022,-0.074,-0.138,0.132,0.028,-0.162,0.082,
-0.094,-0.094,0.148,-0.008,-0.198,0.144,-0.124,-0.024,0.128,-0.044,-0.172,0.172,-0.134,0.030,0.136,-0.118,-0.076,0.168,-0.160,0.096,0.124,-0
.182,0.018,0.130,-0.146,0.140,0.058,-0.214,0.114,0.098,-0.056,0.134,-0.012,-0.214,0.198,0.036,0.000,0.158,-0.094,-0.136,0.200,-0.030,0.084,0
.130,-0.190,-0.004,0.164,-0.096,0.166,0.054,-0.208,0.084,0.118,-0.138,0.156,0.020,-0.200,0.162,0.038,-0.140,0.130,-0.064,-0.146,0.210,-0.036
,-0.148,0.104,-0.132,-0.064,0.168,-0.068,-0.122,0.090,-0.176,0.034,0.114,-0.102,-0.104,0.050,-0.202,0.152,0.040,-0.116,-0.070,-0.006,-0.180,
0.192,0.000,-0.140,0.012,-0.076,-0.112,0.194,-0.048,-0.150,0.088,-0.174,-0.016,0.162,-0.072,-0.136,0.136,-0.198,0.064,0.112,-0.126,-0.066,0.
152,-0.218,0.174,0.042,-0.164,0.000,0.144,-0.152,0.214,-0.028,-0.146,0.038,0.128,-0.028,0.182,-0.064,-0.148,0.134,0.070,0.050,0.148,-0.118,-
0.086,0.140,0.030,0.124,0.076,-0.148,-0.016,0.126,-0.016,0.198,-0.032,-0.146,0.022,0.134,-0.106,0.178,-0.040,-0.152,0.078,0.088,-0.154,0.134
,-0.084,-0.104,0.090,0.054,-0.212,0.086,-0.122,-0.056,0.138,0.018,-0.216,0.026,-0.132,0.008,0.124,-0.044,-0.146,-0.056,-0.152,0.078,0.124,-0
.152,-0.038,-0.084,-0.170,0.116,0.094,-0.192,0.048,-0.126,-0.086,0.126,0.018,-0.208,0.142,-0.160,0.014,0.134,-0.042,-0.184,0.184,-0.174,0.08
0,0.110,-0.112,-0.096,0.198,-0.138,0.130,0.080,-0.182,0.030,0.152,-0.124,0.150,0.034,-0.172,0.096,0.110,-0.056,0.118,-0.024,-0.164,0.154,0.0
40,0.038,0.090,-0.092,-0.112,0.172,-0.020,0.084,0.116,-0.150,-0.024,0.126,-0.058,0.146,0.070,-0.180,0.072,0.102,-0.120,0.138,0.036,-0.190,0.
150,0.058,-0.160,0.132,-0.024,-0.170,0.204,-0.004,-0.152,0.118,-0.140,-0.074,0.192,-0.048,-0.138,0.086,-0.200,0.016,0.148,-0.104,-0.114,0.03
2,-0.204,0.106,0.076,-0.166,-0.018,-0.040,-0.166,0.194,0.012,-0.172,0.022,-0.104,-0.086,0.190,-0.036,-0.152,0.076,-0.152,-0.002,0.156,-0.086
,-0.108,0.146,-0.202,0.078,0.108,-0.128,-0.040,0.138,-0.184,0.128,0.034,-0.134,0.014,0.124,-0.140,0.178,-0.030,-0.160,0.058,0.116,-0.054,0.1
66,-0.056,-0.154,0.088,0.074,0.038,0.138,-0.092,-0.112,0.134,0.032,0.110,-0.048

