 0.00000000e+00 1.06880937e+02 2.40000000e+02
 1.00000000e+00 1.12682489e+02 2.40000000e+02
 2.00000000e+00 1.18484041e+02 2.40000000e+02
 3.00000000e+00 1.24285593e+02 2.40000000e+02
 4.00000000e+00 1.30087145e+02 2.40000000e+02
 5.00000000e+00 1.35888697e+02 2.40000000e+02
 6.00000000e+00 1.41690250e+02 2.40000000e+02
 7.00000000e+00 1.47491802e+02 2.40000000e+02
 8.00000000e+00 1.53293354e+02 2.40000000e+02
 9.00000000e+00 1.59094906e+02 2.40000000e+02
 1.00000000e+01 1.64896458e+02 2.40000000e+02
 1.10000000e+01 1.70698010e+02 2.40000000e+02
 1.20000000e+01 1.76499562e+02 2.40000000e+02
 1.30000000e+01 1.82301114e+02 2.40000000e+02
 1.40000000e+01 1.88102666e+02 2.40000000e+02
 1.50000000e+01 1.93904218e+02 2.40000000e+02
 1.60000000e+01 1.99705770e+02 2.40000000e+02
 1.70000000e+01 2.05507322e+02 2.40000000e+02
 1.80000000e+01 2.11308874e+02 2.40000000e+02
 1.90000000e+01 2.17110426e+02 2.40000000e+02
 2.00000000e+01 2.22911978e+02 2.40000000e+02
 2.10000000e+01 2.28713530e+02 2.40000000e+02
 2.20000000e+01 2.34515082e+02 2.40000000e+02
 2.30000000e+01 2.40316634e+02 2.40000000e+02
 2.40000000e+01 2.46118186e+02 2.40000000e+02
 2.50000000e+01 2.51919739e+02 2.40000000e+02
 2.60000000e+01 2.57721291e+02 2.40000000e+02
 2.70000000e+01 2.63522843e+02 2.40000000e+02
 2.80000000e+01 2.69324395e+02 2.40000000e+02
 2.90000000e+01 2.75125947e+02 2.40000000e+02
 3.00000000e+01 2.80927499e+02 2.40000000e+02
