14 65 209 60
15 65 211 60
21 65 230 60
21 65 232 60
21 65 234 60
21 65 235 60
20 65 238 60
20 65 237 60
21 65 238 60
21 65 237 60
20 65 234 60
21 65 235 60
20 65 231 60
20 65 231 60
20 65 229 60
20 65 230 60
20 65 225 60
20 65 229 60
19 65 223 60
18 65 211 60
18 65 225 60
19 65 240 60
19 65 240 60
20 65 240 60
18 65 218 60
16 65 204 60
16 65 200 60
15 65 190 60
13 65 180 60
12 65 173 60
11 65 169 60
11 65 164 60
10 65 159 60
9 65 155 60
9 65 152 60
8 65 149 60
8 65 146 60
8 65 144 60
7 65 142 60
7 65 141 60
7 65 138 60
7 65 138 60
6 65 134 60
6 65 133 60
6 65 133 60
5 65 131 60
5 65 129 60
4 65 128 60
4 65 128 60
4 65 125 60
4 65 126 60
4 65 125 60
4 65 124 60
4 65 124 60
4 65 124 60
4 65 125 60
4 65 122 60
4 65 123 60
4 65 121 60
4 65 121 60
4 65 120 60
3 65 121 60
3 65 119 60
3 65 120 60
3 65 120 60
3 65 120 60
3 65 120 60
2 65 119 60
2 65 118 60
2 65 118 60
2 65 118 60
2 65 118 60
2 65 116 60
2 65 117 60
1 65 117 60
1 65 115 60
1 65 116 60
1 65 116 60
1 65 115 60
1 65 113 60
1 65 114 60
1 65 113 60
1 65 113 60
1 65 114 60
1 65 113 60
1 65 113 60
1 65 112 60
1 65 114 60
1 65 114 60
1 65 113 60
0 65 113 60
0 65 113 60
0 65 114 60
0 65 113 60
0 65 113 60
0 65 113 60
0 65 113 60
0 65 112 60
0 65 113 60
0 65 114 60
0 65 113 60
0 65 112 60
0 65 112 60
0 65 112 60
0 65 113 60
0 65 113 60
0 65 112 60
0 65 112 60
0 65 112 60
0 65 113 60
0 65 109 60
-0 65 110 60
-1 65 111 60
-1 65 110 60
-1 65 110 60
-1 65 111 60
-1 65 111 60
-0 65 111 60
1 65 114 60
3 65 120 60
4 65 121 60
6 65 125 60
7 65 131 60
9 65 134 60
10 65 164 60
12 65 179 60
13 65 180 60
13 65 179 60
13 65 178 60
15 65 183 60
16 65 189 60
16 65 196 60
17 65 200 60
18 65 207 60
19 65 213 60
18 65 217 60
20 65 221 60
20 65 223 60
20 65 225 60
17 65 213 60
17 65 211 60
18 65 215 60
18 65 214 60
18 65 216 60
18 65 214 60
19 65 216 60
19 65 231 60
19 65 230 60
19 65 229 60
18 65 229 60
18 65 227 60
18 65 227 60
19 65 226 60
19 65 215 60
22 65 224 60
23 65 228 60
22 65 230 60
23 65 232 60
23 65 234 60
23 65 235 60
24 65 239 60
23 65 240 60
23 65 240 60
20 65 240 60
19 65 221 60
17 65 207 60
15 65 197 60
14 65 189 60
13 65 183 60
12 65 175 60
11 65 169 60
10 65 164 60
10 65 158 60
9 65 155 60
9 65 152 60
8 65 147 60
8 65 145 60
7 65 142 60
7 65 140 60
7 65 138 60
7 65 139 60
7 65 136 60
7 65 136 60
6 65 136 60
6 65 135 60
7 65 134 60
10 65 137 60
11 65 138 60
11 65 143 60
11 65 143 60
11 65 145 60
11 65 145 60
12 65 147 60
11 65 147 60
10 65 146 60
10 65 147 60
9 65 144 60
9 65 142 60
8 65 141 60
8 65 141 60
7 65 140 60
7 65 138 60
7 65 138 60
7 65 135 60
7 65 136 60
7 65 134 60
7 65 135 60
7 65 134 60
6 65 134 60
6 65 133 60
6 65 133 60
6 65 130 60
5 65 130 60
5 65 129 60
4 65 127 60
4 65 126 60
4 65 126 60
3 65 125 60
3 65 123 60
3 65 124 60
3 65 121 60
3 65 123 60
3 65 123 60
3 65 121 60
3 65 121 60
3 65 119 60
2 65 120 60
2 65 119 60
2 65 120 60
2 65 119 60
2 65 118 60
2 65 119 60
2 65 118 60
2 65 117 60
2 65 119 60
1 65 117 60
1 65 118 60
1 65 117 60
1 65 117 60
1 65 116 60
1 65 115 60
1 65 117 60
1 65 115 60
1 65 115 60
1 65 115 60
1 65 115 60
1 65 114 60
1 65 113 60
1 65 114 60
1 65 114 60
1 65 114 60
1 65 113 60
1 65 114 60
1 65 114 60
1 65 114 60
2 65 115 60
3 65 115 60
4 65 118 60
5 65 122 60
6 65 123 60
10 65 161 60
12 65 176 60
12 65 185 60
13 65 186 60
14 65 183 60
16 65 182 60
16 65 185 60
16 65 188 60
15 65 183 60
16 65 207 60
17 65 223 60
18 65 233 60
18 65 223 60
18 65 212 60
20 65 218 60
22 65 225 60
23 65 232 60
24 65 239 60
23 65 240 60
23 65 240 60
20 65 230 60
19 65 214 60
21 65 229 60
21 65 229 60
20 65 223 60
18 65 207 60
19 65 215 60
21 65 230 60
20 65 227 60
20 65 210 60
20 65 203 60
19 65 200 60
20 65 200 60
20 65 196 60
20 65 197 60
20 65 195 60
20 65 194 60
20 65 196 60
20 65 197 60
20 65 196 60
20 65 196 60
20 65 195 60
20 65 197 60
22 65 203 60
21 65 206 60
21 65 207 60
21 65 206 60
20 65 204 60
18 65 196 60
17 65 191 60
15 65 184 60
15 65 181 60
14 65 176 60
13 65 171 60
12 65 167 60
11 65 163 60
12 65 161 60
13 65 161 60
14 65 162 60
14 65 162 60
14 65 165 60
14 65 163 60
14 65 162 60
14 65 165 60
15 65 164 60
15 65 165 60
15 65 165 60
15 65 166 60
15 65 167 60
15 65 166 60
14 65 167 60
14 65 167 60
13 65 164 60
13 65 164 60
13 65 162 60
12 65 161 60
11 65 157 60
10 65 154 60
9 65 151 60
9 65 149 60
9 65 147 60
9 65 146 60
9 65 145 60
9 65 144 60
8 65 143 60
8 65 141 60
8 65 140 60
7 65 140 60
7 65 138 60
6 65 136 60
6 65 135 60
9 65 137 60
8 65 138 60
9 65 139 60
8 65 139 60
9 65 140 60
8 65 140 60
7 65 138 60
7 65 137 60
7 65 136 60
7 65 135 60
7 65 137 60
6 65 135 60
6 65 134 60
6 65 132 60
5 65 133 60
5 65 131 60
5 65 129 60
4 65 129 60
4 65 128 60
4 65 124 60
3 65 124 60
3 65 124 60
3 65 123 60
3 65 122 60
3 65 122 60
3 65 122 60
3 65 120 60
2 65 121 60
2 65 119 60
2 65 119 60
2 65 120 60
2 65 119 60
2 65 118 60
2 65 120 60
2 65 118 60
2 65 119 60
2 65 117 60
2 65 118 60
2 65 118 60
1 65 117 60
1 65 117 60
1 65 115 60
1 65 115 60
1 65 116 60
1 65 117 60
1 65 117 60
1 65 116 60
2 65 119 60
4 65 124 60
4 65 129 60
6 65 138 60
7 65 148 60
8 65 160 60
10 65 166 60
10 65 161 60
11 65 170 60
13 65 172 60
15 65 181 60
16 65 189 60
17 65 193 60
19 65 202 60
19 65 204 60
20 65 207 60
21 65 218 60
21 65 219 60
21 65 223 60
21 65 228 60
21 65 229 60
19 65 221 60
18 65 217 60
18 65 214 60
18 65 214 60
21 65 227 60
20 65 230 60
20 65 227 60
21 65 233 60
21 65 234 60
21 65 233 60
22 65 235 60
21 65 231 60
19 65 221 60
20 65 225 60
20 65 224 60
19 65 216 60
20 65 220 60
21 65 221 60
20 65 216 60
22 65 216 60
23 65 223 60
23 65 229 60
25 65 240 60
25 65 240 60
20 65 240 60
18 65 219 60
17 65 204 60
16 65 196 60
15 65 188 60
14 65 181 60
13 65 178 60
12 65 172 60
12 65 169 60
11 65 165 60
11 65 161 60
10 65 160 60
10 65 155 60
10 65 152 60
9 65 150 60
9 65 149 60
8 65 146 60
8 65 144 60
8 65 142 60
7 65 139 60
7 65 139 60
7 65 138 60
7 65 137 60
7 65 136 60
7 65 135 60
7 65 134 60
6 65 133 60
6 65 132 60
6 65 133 60
6 65 133 60
6 65 133 60
6 65 130 60
6 65 131 60
6 65 132 60
6 65 131 60
5 65 129 60
6 65 130 60
5 65 130 60
6 65 129 60
6 65 129 60
6 65 130 60
5 65 130 60
5 65 129 60
5 65 128 60
5 65 129 60
5 65 130 60
5 65 130 60
5 65 128 60
5 65 128 60
5 65 127 60
5 65 128 60
5 65 127 60
5 65 128 60
5 65 127 60
5 65 127 60
4 65 127 60
4 65 126 60
4 65 126 60
4 65 125 60
5 65 125 60
5 65 126 60
4 65 125 60
4 65 125 60
4 65 125 60
4 65 125 60
4 65 124 60
4 65 123 60
4 65 124 60
3 65 122 60
3 65 122 60
3 65 122 60
4 65 122 60
4 65 123 60
4 65 123 60
4 65 122 60
4 65 123 60
3 65 122 60
4 65 123 60
3 65 122 60
3 65 123 60
3 65 122 60
3 65 122 60
3 65 121 60
3 65 122 60
3 65 121 60
3 65 122 60
3 65 122 60
3 65 122 60
3 65 122 60
3 65 120 60
3 65 119 60
3 65 122 60
3 65 122 60
4 65 123 60
5 65 126 60
5 65 128 60
6 65 129 60
6 65 132 60
7 65 135 60
7 65 139 60
8 65 139 60
9 65 142 60
9 65 145 60
10 65 145 60
10 65 147 60
10 65 148 60
11 65 152 60
12 65 158 60
12 65 162 60
12 65 163 60
13 65 166 60
13 65 169 60
14 65 173 60
14 65 177 60
14 65 180 60
14 65 177 60
13 65 177 60
13 65 176 60
13 65 177 60
